bits   programs       distinct screens   share
   1            2                  2   100.00%
   2            4                  4   100.00%
   3            8                  8   100.00%
   4           16                 16   100.00%
   5           32                 32   100.00%
   6           64                 64   100.00%
   7          128                128   100.00%
   8          256                256   100.00%
   9          512                512   100.00%
  10         1024               1024   100.00%
  11         2048               2048   100.00%
  12         4096               4096   100.00%
  13         8192               8192   100.00%
  14        16384              16384   100.00%
  15        32768              32768   100.00%
  16        65536              65536   100.00%
  17       131072             131072   100.00%
  18       262144             262144   100.00%
  19       524288             524288   100.00%
  20      1048576            1048576   100.00%
  21      2097152            2097152   100.00%
  22      4194304            4194304   100.00%
1..22    8388606            8388606   100.00%
